time_seconds,note_midi,confidence
0.2322,58,0.83
0.4296,53,0.81
0.4412,55,0.82
0.5805,30,0.82
0.6153,36,0.83
0.8243,37,0.92
0.8359,38,0.81
0.9288,33,0.89
1.0217,35,0.86
1.0333,36,0.85
1.2307,37,0.91
1.3468,43,0.84
1.3700,37,0.87
1.3816,36,0.86
1.4280,39,0.80
1.4396,29,0.87
1.4629,38,0.85
1.5209,43,0.81
1.6254,34,0.88
1.6602,40,0.90
1.6718,39,0.90
1.6834,39,0.88
1.9853,35,0.82
1.9969,35,0.85
2.6703,36,0.86
2.8328,38,0.81
2.9605,39,0.90
2.9722,40,0.94
2.9838,41,0.87
3.0070,33,0.84
3.0650,42,0.87
3.0766,43,0.92
6.3390,55,0.90
6.3507,42,0.85
6.8151,29,0.81
7.5929,29,0.81
7.8832,31,0.88
7.8948,31,0.81
8.2315,30,0.83
8.6610,31,0.82
8.7771,31,0.82
9.1487,29,0.80
9.3576,31,0.82
9.3693,31,0.83
9.5086,33,0.83
9.5202,33,0.85
9.7176,35,0.80
9.7292,35,0.81
9.7408,35,0.85
9.7524,35,0.87
9.7640,35,0.91
9.7756,35,0.94
9.7872,35,0.85
10.6347,35,0.83
10.6463,35,0.89
10.6580,35,0.92
10.6696,35,0.94
10.6812,35,0.84
10.7276,35,0.83
12.1208,47,0.84
13.1425,36,0.85
14.0132,42,0.85
14.0249,30,0.86
14.0365,29,0.84
14.0481,41,0.89
14.0597,41,0.90
14.0713,41,0.84
14.2222,29,0.81
15.0465,29,0.80
15.1162,31,0.88
15.1278,31,0.81
15.1394,31,0.83
15.1510,31,0.85
15.1742,31,0.81
15.1859,31,0.85
15.1975,31,0.85
15.2091,31,0.81
15.2207,31,0.84
15.2323,31,0.92
15.2439,31,0.92
15.2555,31,0.92
15.2671,31,0.88
15.2787,31,0.83
15.2903,31,0.83
15.4297,30,0.86
15.4529,49,0.83
16.0334,32,0.81
16.0450,31,0.85
16.0566,31,0.87
16.0682,31,0.85
16.1611,31,0.85
16.1727,31,0.85
16.1843,31,0.90
16.1959,31,0.92
16.2075,31,0.92
16.2191,31,0.92
16.2307,31,0.84
16.9506,34,0.81
17.0899,35,0.83
17.1015,35,0.83
17.1131,35,0.86
17.1247,35,0.92
17.1363,35,0.92
17.1479,35,0.92
17.1595,35,0.95
17.1712,35,0.90
17.1828,36,0.93
17.1944,36,0.94
17.2060,36,0.87
17.2176,36,0.85
17.2292,36,0.80
17.2640,35,0.83
17.2756,35,0.86
17.2873,35,0.89
17.2989,35,0.94
17.3105,35,0.89
17.5775,35,0.85
17.5891,35,0.82
17.7517,35,0.85
17.7633,35,0.90
17.7749,35,0.85
17.7865,47,0.81
17.8794,35,0.85
17.9722,35,0.81
17.9839,35,0.82
18.0187,35,0.82
18.0303,35,0.90
18.0419,35,0.93
18.0535,35,0.93
18.0651,35,0.92
18.0767,35,0.91
18.0883,35,0.88
18.1000,35,0.82
18.1464,30,0.82
18.1580,29,0.85
18.1696,29,0.84
18.1812,48,0.90
18.1928,48,0.89
18.2044,48,0.88
18.2161,47,0.93
18.2277,46,0.81
18.5179,47,0.81
18.5411,46,0.81
19.1100,34,0.87
19.1216,41,0.84
19.1332,41,0.88
19.1449,53,0.86
19.1565,53,0.89
19.1681,53,0.88
19.1797,53,0.86
19.1913,53,0.83
19.5512,40,0.85
19.5628,41,0.86
19.5976,39,0.82
19.6093,39,0.91
19.6209,39,0.93
19.6325,39,0.94
19.6441,39,0.93
20.0969,38,0.84
20.1085,38,0.86
20.1201,38,0.81
20.1317,38,0.81
20.2130,87,0.89
20.2246,86,0.93
20.2362,86,0.88
20.2478,38,0.90
20.2594,38,0.84
20.2710,38,0.88
20.2826,39,0.92
20.2942,39,0.86
20.3059,38,0.91
20.3175,38,0.85
20.3291,38,0.94
20.3407,38,0.93
20.3523,38,0.92
20.3639,38,0.86
20.4568,39,0.88
20.4684,39,0.87
20.4800,38,0.86
20.5032,38,0.89
20.5148,37,0.85
20.5264,37,0.86
20.5380,39,0.86
20.5497,38,0.95
20.5729,38,0.97
20.5961,112,0.82
20.6077,112,0.84
20.6193,111,0.85
20.6309,111,0.84
20.8515,38,0.84
20.8631,39,0.82
21.1534,113,0.82
21.1650,113,0.83
21.2927,41,0.86
21.3043,41,0.91
21.3159,40,0.91
21.3275,40,0.86
22.2331,29,0.85
22.2912,30,0.82
22.3028,30,0.84
22.3144,30,0.87
22.3260,30,0.87
22.3376,30,0.82
22.3492,30,0.83
22.3608,30,0.91
22.3724,30,0.89
22.3840,30,0.87
22.3956,30,0.89
22.4073,30,0.88
22.4189,30,0.84
22.5234,31,0.81
22.6278,31,0.82
22.6395,31,0.83
22.6511,31,0.84
22.6627,31,0.89
22.6743,43,0.84
23.1271,31,0.81
23.1387,31,0.84
23.1967,31,0.83
23.2083,31,0.80
23.2316,31,0.83
23.2432,31,0.88
23.2548,31,0.87
23.2664,31,0.86
23.2780,31,0.83
23.2896,31,0.81
23.3012,31,0.81
23.3128,31,0.82
23.3244,31,0.81
23.4289,31,0.92
23.4405,31,0.89
23.4522,31,0.85
23.6960,31,0.81
23.7192,43,0.86
23.7308,43,0.84
23.7656,31,0.82
23.8005,31,0.81
24.0327,31,0.81
24.1371,45,0.84
24.1488,45,0.86
24.1604,33,0.89
24.1720,33,0.87
24.1836,33,0.89
24.1952,33,0.89
24.2068,33,0.86
24.2184,33,0.87
24.2300,33,0.90
24.2416,45,0.88
24.2532,45,0.90
24.2649,45,0.92
24.4854,35,0.83
24.4971,35,0.80
24.5087,35,0.82
24.5435,35,0.85
24.5551,35,0.81
24.5783,35,0.88
24.5899,35,0.88
24.6015,35,0.89
24.6132,35,0.91
24.6248,35,0.89
24.6364,35,0.90
24.6480,35,0.92
24.6596,35,0.93
24.6712,35,0.93
24.6828,35,0.92
24.6944,35,0.92
24.7060,35,0.92
24.7176,35,0.90
24.7293,35,0.91
24.7409,35,0.89
24.8802,35,0.80
24.8918,35,0.90
24.9034,35,0.90
24.9150,35,0.90
24.9266,35,0.91
24.9382,35,0.93
24.9498,35,0.93
24.9615,35,0.91
24.9731,35,0.88
24.9847,35,0.81
25.0311,35,0.83
25.0427,35,0.84
25.0543,35,0.90
25.0659,35,0.93
25.0776,35,0.94
25.0892,35,0.94
25.1008,35,0.94
25.1124,35,0.95
25.1240,35,0.97
25.1356,35,0.97
25.1472,35,0.97
25.1588,35,0.97
25.1704,35,0.96
25.1820,35,0.94
25.1937,35,0.89
25.2053,35,0.90
25.2169,35,0.92
25.3910,35,0.83
25.4026,35,0.82
25.4142,35,0.83
25.4259,35,0.85
25.4375,35,0.90
25.4491,35,0.83
25.4955,35,0.80
26.8887,47,0.81
28.8044,29,0.82
29.2223,102,0.80
29.8957,31,0.84
29.9073,31,0.81
29.9189,31,0.83
29.9305,31,0.86
30.0234,31,0.87
30.0815,43,0.81
30.1976,30,0.81
30.2092,49,0.94
30.2208,49,0.93
30.2324,49,0.95
30.2440,49,0.88
30.8129,31,0.90
30.8245,31,0.91
30.8361,31,0.84
30.8477,31,0.81
30.8593,31,0.83
30.9522,31,0.81
30.9638,31,0.85
30.9754,31,0.84
31.6836,46,0.81
31.6952,46,0.80
31.7068,46,0.81
31.7185,35,0.81
31.8578,35,0.83
31.8810,35,0.89
31.8926,35,0.95
31.9042,35,0.95
31.9158,35,0.93
31.9274,35,0.94
31.9390,35,0.88
31.9507,36,0.82
31.9623,36,0.81
32.0551,37,0.80
32.3570,35,0.80
32.4151,47,0.90
32.4267,47,0.84
32.6473,34,0.80
32.7866,35,0.85
32.7982,35,0.90
32.8098,35,0.92
32.8214,35,0.94
32.8330,35,0.92
32.8446,35,0.94
32.8562,35,0.96
32.8678,35,0.92
34.3539,39,0.90
34.3655,39,0.95
34.3771,39,0.96
34.3888,39,0.94
34.4004,39,0.87
34.4120,38,0.84
34.4236,39,0.82
34.8996,39,0.86
34.9576,38,0.84
34.9693,39,0.86
34.9809,38,0.86
34.9925,38,0.81
35.0041,39,0.80
35.0157,38,0.84
35.0273,38,0.85
35.0389,38,0.86
35.0505,38,0.84
35.0854,122,0.86
35.0970,122,0.86
35.1086,122,0.82
35.1202,38,0.83
35.1318,38,0.80
35.1782,38,0.86
35.1898,38,0.85
35.2015,38,0.86
35.2131,39,0.86
35.2247,39,0.86
35.2363,39,0.87
35.2479,38,0.92
35.2595,38,0.95
35.2711,38,0.94
35.2827,38,0.92
35.3059,38,0.95
35.3176,38,0.95
35.4453,38,0.87
36.3741,29,0.82
36.3857,29,0.84
36.3973,29,0.80
37.0939,30,0.82
37.1055,30,0.90
37.1171,30,0.88
37.1287,30,0.85
37.1403,30,0.86
37.1519,30,0.84
37.1635,30,0.82
37.1751,30,0.85
37.1868,30,0.86
37.2100,42,0.81
37.2796,31,0.82
37.2912,31,0.81
37.3261,31,0.80
37.3841,31,0.82
37.3957,31,0.89
37.4306,31,0.87
37.4422,31,0.84
37.4770,31,0.88
37.4886,31,0.87
37.5002,31,0.87
37.5118,31,0.88
37.5234,31,0.90
37.5351,31,0.89
37.5467,31,0.90
37.5583,31,0.90
37.5699,31,0.88
37.5815,31,0.88
37.5931,31,0.85
37.6047,31,0.84
37.6163,31,0.88
37.6279,31,0.92
37.6395,31,0.90
37.6512,31,0.89
37.6628,31,0.85
37.9995,31,0.83
38.0111,31,0.84
38.0227,31,0.82
38.0343,31,0.87
38.0459,31,0.88
38.0575,31,0.83
38.0691,31,0.84
38.0807,31,0.82
38.0923,31,0.82
38.1272,31,0.83
38.1968,31,0.88
38.2084,31,0.81
38.3942,31,0.84
38.4058,31,0.85
38.4174,31,0.84
38.4290,31,0.88
38.4406,31,0.91
38.4522,31,0.87
38.4639,31,0.83
38.4755,31,0.87
38.4871,31,0.88
38.4987,31,0.82
38.5103,31,0.83
38.5219,31,0.86
38.5335,31,0.83
38.5451,31,0.81
38.9283,33,0.80
38.9399,33,0.84
38.9515,33,0.89
38.9631,33,0.86
39.0095,33,0.85
39.0211,33,0.83
39.2766,35,0.87
39.2882,35,0.89
39.2998,35,0.81
39.3927,35,0.86
39.4043,35,0.86
39.4159,35,0.87
39.4275,47,0.90
39.4391,47,0.92
39.4507,47,0.91
39.4623,47,0.89
39.4739,35,0.97
39.4855,35,0.97
39.4971,35,0.95
39.5088,35,0.93
39.5204,35,0.86
39.6597,35,0.85
39.6713,35,0.89
39.6829,35,0.87
39.6945,35,0.84
39.7061,35,0.88
39.7177,35,0.91
39.7293,35,0.86
39.7410,35,0.81
39.8338,35,0.85
39.8454,35,0.91
39.8571,35,0.93
39.8687,35,0.92
39.8803,35,0.89
39.8919,35,0.86
39.9383,35,0.86
39.9499,35,0.94
39.9615,35,0.90
39.9732,35,0.89
39.9848,35,0.89
40.1821,35,0.87
40.1937,35,0.89
40.2054,35,0.90
40.2170,35,0.88
40.2286,35,0.92
40.2402,35,0.89
40.2518,35,0.92
40.2634,36,0.88
40.2750,35,0.90
40.2866,35,0.90
40.2982,35,0.89
40.3098,35,0.90
40.3215,35,0.91
40.3331,35,0.93
40.3447,35,0.95
40.3563,35,0.95
40.3679,35,0.94
40.3795,35,0.91
40.3911,35,0.91
40.4027,35,0.94
40.4143,35,0.95
40.4259,35,0.95
40.4376,35,0.94
40.4492,35,0.95
40.4608,35,0.95
40.4724,35,0.92
40.4840,35,0.90
40.4956,35,0.95
40.5072,35,0.94
40.5188,35,0.93
40.5304,35,0.91
40.5420,35,0.95
40.5537,35,0.95
40.5653,35,0.95
40.5769,35,0.95
40.5885,35,0.96
40.6001,35,0.96
40.6117,35,0.95
40.6233,35,0.93
40.6349,35,0.91
40.6465,35,0.91
40.6581,35,0.91
40.6698,35,0.92
40.6814,34,0.93
40.6930,34,0.94
40.7046,34,0.88
40.7162,33,0.89
40.7278,33,0.86
40.7394,33,0.81
40.7510,33,0.83
40.8555,30,0.81
40.9832,29,0.83
41.0180,29,0.82
41.0297,29,0.81
41.9004,29,0.87
41.9120,29,0.82
43.4910,41,0.82
43.9902,29,0.80
44.0831,35,0.83
44.4314,41,0.80
44.6636,31,0.84
44.9074,31,0.86
44.9190,31,0.93
44.9306,31,0.97
44.9422,31,0.98
44.9538,31,0.97
44.9654,31,0.92
44.9771,31,0.93
44.9887,31,0.92
45.0003,31,0.88
45.0119,31,0.85
45.0235,42,0.83
45.1048,43,0.86
45.1628,42,0.83
45.2093,31,0.82
45.2209,43,0.89
45.2325,43,0.87
45.2441,31,0.86
45.2557,43,0.81
45.2673,43,0.86
45.2789,43,0.87
45.2905,31,0.80
45.3137,43,0.81
45.3254,43,0.83
45.3370,43,0.86
45.3486,41,0.81
45.3950,31,0.85
45.4066,31,0.90
45.4182,31,0.88
45.4298,31,0.90
45.4415,31,0.94
45.4531,31,0.92
45.4647,31,0.91
45.4763,31,0.92
45.4879,31,0.87
45.4995,31,0.82
45.5924,31,0.86
45.6040,31,0.86
45.6156,31,0.88
45.6272,31,0.90
45.6388,31,0.80
45.6504,31,0.81
45.6620,31,0.89
45.6969,31,0.81
45.7433,30,0.85
45.7549,30,0.85
45.8014,42,0.82
45.8710,31,0.86
45.8826,31,0.92
45.8942,31,0.91
46.1613,31,0.82
46.3122,33,0.87
46.3238,33,0.95
46.3354,45,0.88
46.3470,45,0.86
46.3586,45,0.85
46.3702,45,0.89
46.4167,46,0.85
46.7650,35,0.84
46.7766,35,0.83
46.7882,35,0.85
46.7998,35,0.93
46.8114,35,0.96
46.8230,35,0.93
46.8346,35,0.91
46.8463,35,0.92
46.8579,35,0.92
46.8695,35,0.90
46.8811,35,0.86
46.8927,35,0.81
47.0088,35,0.82
47.0204,35,0.82
47.0320,35,0.83
47.0436,35,0.89
47.0552,35,0.86
47.0668,36,0.86
47.0785,35,0.87
47.0901,35,0.87
47.1017,35,0.89
47.1133,35,0.85
47.1249,36,0.83
47.1365,36,0.85
47.4500,29,0.81
47.5080,35,0.86
47.5196,47,0.81
47.5661,47,0.88
47.5777,47,0.86
47.6125,36,0.84
47.6706,29,0.81
47.7054,47,0.87
47.7170,35,0.98
47.7286,35,0.95
47.7402,35,0.94
47.7518,35,0.96
47.7634,35,0.97
47.7751,35,0.94
47.7867,35,0.92
47.7983,35,0.92
47.8099,35,0.84
48.0305,35,0.83
48.3788,29,0.93
48.3904,29,0.89
48.4020,29,0.80
48.5065,29,0.82
48.5181,29,0.83
48.5645,29,0.86
48.5761,41,0.84
48.7039,29,0.81
48.7155,29,0.81
48.7271,29,0.84
49.0754,29,0.85
49.0870,29,0.89
49.0986,41,0.86
49.1102,41,0.87
49.1218,41,0.86
49.1334,40,0.84
49.1450,29,0.82
49.1566,29,0.84
49.2844,29,0.82
49.7255,42,0.83
50.0042,30,0.84
50.0158,30,0.88
50.0274,30,0.86
50.0390,30,0.87
50.2364,29,0.85
50.3293,35,0.83
50.3409,47,0.86
50.3525,47,0.87
50.3641,47,0.89
50.3757,47,0.81
50.5034,35,0.84
50.5150,35,0.84
50.5266,47,0.87
50.5382,35,0.94
50.5498,35,0.82
50.9098,29,0.81
50.9214,29,0.82
51.1536,29,0.81
51.5135,48,0.80
51.8734,30,0.84
51.8850,30,0.84
51.8966,36,0.80
51.9082,37,0.84
51.9198,37,0.88
51.9314,37,0.89
51.9430,37,0.89
52.0475,31,0.81
52.0591,31,0.80
52.0707,31,0.86
52.0824,31,0.90
52.0940,31,0.86
52.1056,31,0.81
52.1172,31,0.84
52.2333,31,0.83
52.2681,42,0.87
52.3146,31,0.96
52.3262,31,0.96
52.3378,31,0.97
52.3494,31,0.95
52.3610,31,0.93
52.3726,31,0.90
52.3842,31,0.85
52.6629,43,0.81
52.7557,31,0.82
52.7673,31,0.92
52.7790,31,0.95
52.7906,31,0.94
52.8022,31,0.92
52.8254,31,0.87
52.8370,31,0.86
52.8486,31,0.85
52.8718,31,0.88
52.8834,43,0.89
52.8951,44,0.90
52.9067,43,0.89
52.9183,43,0.81
52.9995,31,0.87
53.0112,31,0.89
53.0228,31,0.81
53.0460,31,0.81
53.1969,42,0.82
53.2085,42,0.81
53.2201,43,0.87
53.2317,43,0.92
53.2434,44,0.89
53.2550,44,0.87
53.2666,43,0.91
53.2782,43,0.94
53.2898,43,0.89
53.3014,44,0.86
53.3130,31,0.82
53.3246,42,0.82
53.4175,55,0.88
53.6845,33,0.85
53.6961,33,0.90
53.7078,33,0.84
53.7194,33,0.85
53.7310,33,0.86
53.7426,33,0.82
53.7542,33,0.81
53.7658,33,0.83
53.7774,33,0.86
53.7890,33,0.85
53.8006,33,0.84
53.8122,34,0.82
54.0212,35,0.82
54.1373,36,0.87
54.1489,35,0.85
54.1605,46,0.87
54.1722,48,0.86
54.1838,35,0.92
54.1954,35,0.97
54.2070,35,0.95
54.2186,35,0.90
54.2302,35,0.88
54.2418,35,0.88
54.2534,35,0.89
54.2650,35,0.87
54.2766,36,0.87
54.4392,35,0.80
54.4856,35,0.80
54.4972,36,0.82
54.6249,35,0.84
54.6366,47,0.86
54.6482,35,0.83
54.6598,35,0.87
54.6714,35,0.86
54.6830,35,0.85
54.6946,35,0.87
54.7062,47,0.85
54.7178,47,0.94
54.7294,35,0.89
54.7410,36,0.89
54.7527,36,0.88
54.9500,36,0.84
54.9616,35,0.83
54.9732,35,0.84
55.0893,36,0.85
55.1010,36,0.87
55.1126,35,0.87
55.1242,35,0.91
55.1358,35,0.92
55.1474,35,0.90
55.1590,35,0.92
55.1706,35,0.92
55.1822,35,0.88
55.1938,35,0.85
55.2054,36,0.83
55.3099,35,0.87
55.3215,35,0.90
55.3332,35,0.84
55.3912,35,0.81
55.4028,35,0.89
55.4144,35,0.90
55.4260,35,0.89
55.8324,29,0.81
56.0414,29,0.84
56.0530,29,0.80
56.0646,29,0.80
56.0762,29,0.81
56.0878,29,0.82
56.1226,29,0.82
56.4129,29,0.83
56.4245,29,0.86
56.4361,29,0.84
56.4477,29,0.86
56.4593,29,0.83
56.4941,29,0.88
56.6683,29,0.82
56.7031,29,0.83
57.2720,38,0.85
57.2836,38,0.86
57.3068,39,0.86
57.3417,38,0.84
57.3649,38,0.81
57.3765,38,0.85
57.3881,38,0.82
57.4113,37,0.80
57.4229,37,0.83
57.4346,38,0.85
57.4694,109,0.85
57.4810,109,0.90
57.4926,109,0.92
57.5623,38,0.86
57.5855,38,0.83
57.5971,38,0.84
57.6551,38,0.86
57.7480,38,0.88
58.7929,40,0.81
58.8510,40,0.81
58.8626,40,0.82
59.1993,30,0.83
59.2109,30,0.82
59.2225,30,0.88
59.2341,30,0.87
59.2457,30,0.85
59.2573,30,0.88
59.2689,30,0.90
59.2805,30,0.91
59.2922,30,0.90
59.3038,30,0.86
59.4315,31,0.85
59.4663,31,0.85
59.5360,31,0.82
59.5476,31,0.83
59.5592,31,0.82
59.7333,31,0.85
59.7449,31,0.87
59.7566,31,0.86
59.7682,31,0.86
59.9771,31,0.81
60.0468,31,0.82
60.0584,31,0.86
60.1165,43,0.81
60.1281,31,0.88
60.1397,31,0.90
60.1513,43,0.86
60.1629,31,0.81
60.1745,31,0.83
60.1861,31,0.88
60.1977,31,0.87
60.2093,31,0.88
60.2210,31,0.81
60.2790,31,0.82
60.2906,31,0.89
60.3487,31,0.82
60.3603,31,0.83
60.3835,31,0.82
60.4764,31,0.83
60.4880,31,0.87
60.4996,31,0.85
60.5112,31,0.89
60.5228,31,0.93
60.5344,43,0.88
60.5460,31,0.91
60.5576,31,0.90
60.5693,31,0.88
60.5809,43,0.89
60.5925,31,0.91
60.6041,31,0.85
60.6157,31,0.85
60.6273,31,0.88
60.6389,31,0.87
60.6505,31,0.88
60.6621,31,0.86
60.6737,31,0.87
60.6854,31,0.86
60.6970,31,0.86
60.7086,31,0.87
60.7202,31,0.85
60.7318,31,0.82
60.8711,31,0.83
60.8827,31,0.84
60.8943,31,0.84
60.9059,31,0.84
60.9408,31,0.82
60.9524,31,0.86
61.6374,35,0.80
61.6722,35,0.85
61.7883,35,0.81
61.7999,35,0.81
61.8347,35,0.82
61.8463,35,0.85
61.8580,35,0.86
61.8696,35,0.89
61.8812,35,0.91
61.8928,35,0.85
61.9044,35,0.83
62.1250,35,0.86
62.1366,35,0.82
62.3340,35,0.91
62.3456,35,0.92
62.3572,35,0.91
62.3688,35,0.89
62.4385,35,0.81
62.4501,35,0.86
62.4849,35,0.80
62.5313,35,0.83
62.5662,35,0.83
62.8912,30,0.85
62.9029,30,0.84
62.9145,30,0.82
62.9493,30,0.81
62.9957,30,0.81
63.0073,30,0.85
63.0654,30,0.85
63.0770,30,0.81
63.0886,30,0.81
63.1002,30,0.84
63.1118,30,0.87
63.1234,30,0.87
63.1583,30,0.83
63.1699,30,0.83
63.1815,30,0.85
63.1931,30,0.84
63.2047,30,0.85
63.2163,30,0.81
63.2512,42,0.82
63.2628,30,0.86
63.2744,30,0.90
63.2860,42,0.82
63.2976,42,0.82
63.3440,31,0.85
63.3556,30,0.88
63.3673,30,0.87
63.3789,30,0.82
63.3905,30,0.85
63.4137,30,0.80
63.4253,30,0.85
63.4485,30,0.82
63.4601,30,0.85
63.4717,30,0.85
63.4834,30,0.88
63.4950,30,0.88
63.5066,30,0.89
63.5182,30,0.90
63.5298,30,0.90
63.5414,30,0.90
63.5530,30,0.90
63.5646,30,0.90
63.5762,42,0.88
63.5878,30,0.84
63.5995,30,0.83
63.6111,30,0.86
63.6227,30,0.90
63.6343,30,0.91
63.6459,30,0.93
63.6575,30,0.95
63.6691,30,0.94
63.6807,30,0.91
63.6923,30,0.89
63.7039,30,0.88
63.7156,30,0.88
63.7272,30,0.82
63.7388,29,0.87
63.7504,29,0.81
65.5151,47,0.82
65.5267,47,0.86
65.5383,47,0.88
65.5499,47,0.86
65.5615,40,0.89
65.5732,40,0.89
65.5848,40,0.90
65.5964,40,0.92
65.6080,40,0.92
65.6196,47,0.85
65.6312,40,0.90
65.6428,40,0.91
65.6544,40,0.90
65.6660,40,0.88
65.6776,40,0.87
65.6893,40,0.85
65.7009,40,0.82
65.7125,40,0.83
65.7241,40,0.83
65.7357,40,0.82
65.7473,40,0.82
65.7589,40,0.82
65.7705,40,0.84
65.7821,40,0.87
65.7937,40,0.89
65.8054,40,0.89
65.8170,40,0.87
65.8286,40,0.80
66.1304,35,0.82
66.1420,47,0.86
66.1537,47,0.86
66.1653,47,0.86
66.1769,35,0.85
66.1885,47,0.84
66.2001,47,0.82
66.2117,47,0.81
66.2233,47,0.80
66.2349,47,0.80
66.4903,35,0.80
66.5020,47,0.81
66.5136,47,0.84
66.5252,35,0.85
66.5368,47,0.84
66.5484,47,0.84
66.5600,35,0.86
66.5716,47,0.85
66.5832,47,0.86
66.5948,47,0.87
66.6064,47,0.88
66.6180,47,0.88
66.6297,47,0.87
66.6413,47,0.87
66.6529,47,0.88
66.6645,47,0.88
66.6761,47,0.88
66.6877,47,0.89
66.6993,47,0.86
66.7109,47,0.85
66.7225,47,0.86
66.7341,47,0.85
66.7458,47,0.87
66.7574,47,0.89
66.7690,47,0.87
66.7806,47,0.86
66.7922,47,0.86
66.8038,47,0.87
66.8154,47,0.86
66.8270,47,0.87
66.8386,47,0.88
66.8502,47,0.87
66.8619,35,0.85
66.8735,35,0.86
66.8851,35,0.86
66.8967,35,0.86
66.9083,35,0.86
66.9199,47,0.85
66.9315,47,0.83
67.0012,47,0.81
67.5468,40,0.82
67.5585,40,0.84
67.5701,40,0.89
67.5817,40,0.87
67.5933,40,0.84
67.6049,40,0.83
67.6165,40,0.82
67.8255,37,0.82
67.8371,37,0.83
67.8487,37,0.88
67.8603,37,0.84
67.8719,37,0.81
67.8835,37,0.86
67.8951,37,0.85
67.9648,37,0.85
67.9764,37,0.85
67.9880,37,0.86
67.9996,38,0.88
68.0112,37,0.86
68.0229,37,0.85
68.0577,38,0.88
71.0182,39,0.80
71.0298,39,0.82
71.0415,39,0.93
71.0531,39,0.98
71.0647,39,0.98
71.0763,40,0.93
71.0879,41,0.93
78.1003,50,0.94
78.1119,50,0.97
78.1235,50,0.98
78.1351,50,0.99
78.1468,50,1.00
78.1584,50,1.00
78.1700,50,1.00
78.1816,50,1.00
78.1932,50,1.00
78.2048,50,1.00
78.2164,50,1.00
78.2280,50,1.00
78.2396,50,1.00
78.2512,50,1.00
78.2629,50,1.00
78.2745,50,1.00
78.2861,50,1.00
78.2977,50,1.00
78.3093,50,1.00
78.3209,50,1.00
78.3325,50,1.00
78.3441,50,1.00
78.3557,50,1.00
78.3673,50,1.00
78.3790,50,1.00
78.3906,50,1.00
78.4022,50,0.99
78.4138,50,0.99
78.4254,50,0.98
78.4370,50,0.98
78.4486,50,0.98
78.4602,50,0.94
78.4718,50,0.85
78.4834,38,0.91
78.4951,50,0.85
78.5067,50,0.85
78.5183,38,0.92
78.5299,38,0.90
78.5415,38,0.86
78.5531,31,0.98
78.5647,38,0.88
78.5763,50,0.86
78.5879,50,0.93
78.5995,50,0.93
78.6112,50,0.93
78.6228,50,0.85
78.6344,31,0.93
78.6460,31,0.91
78.6576,31,0.88
78.6692,38,0.81
78.7040,38,0.86
78.7156,38,0.90
78.9478,33,0.86
78.9595,33,0.87
78.9711,33,0.81
78.9827,32,0.82
79.1104,43,0.90
79.1220,43,0.93
79.1336,43,0.87
79.1800,43,0.86
79.1917,43,0.90
79.2033,43,0.87
79.2149,31,0.92
79.2265,31,0.92
79.2381,31,0.91
79.2497,43,0.86
79.5167,37,0.88
79.5864,42,0.81
79.5980,42,0.85
79.9695,45,0.89
79.9811,45,0.88
79.9927,45,0.88
80.0044,45,0.95
80.0160,45,0.97
80.0276,45,0.97
80.0392,45,0.96
80.0508,45,0.95
80.0624,45,0.94
80.0740,45,0.95
80.0856,45,0.97
80.0972,45,0.97
80.1088,45,0.93
80.1205,45,0.91
80.1321,45,0.90
80.4455,36,0.83
80.4688,29,0.80
80.4804,36,0.87
80.4920,29,0.86
80.5036,29,0.84
80.5152,36,0.86
80.5268,35,0.85
80.5616,48,0.83
80.6777,40,0.88
80.6893,39,0.88
80.7358,37,0.87
80.8867,32,0.83
80.9332,31,0.88
80.9448,31,0.91
80.9564,31,0.96
80.9680,32,0.91
80.9796,31,0.87
80.9912,31,0.90
81.2234,47,0.81
81.3163,39,0.89
81.3627,38,0.92
81.3859,41,0.84
81.3976,40,0.82
81.4092,40,0.94
81.4208,40,0.94
81.6298,39,0.81
81.6414,38,0.84
81.6878,34,0.86
81.6994,34,0.85
81.7807,33,0.88
81.7923,32,0.94
81.8039,33,0.93
81.8155,33,0.94
81.8387,33,0.97
81.8503,34,0.96
82.2683,50,0.95
82.2799,50,0.95
82.2915,50,0.94
82.3031,50,0.96
82.3147,50,0.99
82.3263,50,0.99
82.3380,50,0.98
82.3496,50,0.98
82.3612,50,0.96
82.3728,50,0.98
82.3844,50,0.99
82.3960,50,0.99
82.4076,50,1.00
82.4192,50,1.00
82.4308,50,1.00
82.4424,50,1.00
82.4541,50,1.00
